7.162363731204351325e+01
7.002866132433290147e+01
7.122934876332286080e+01
6.972060883003449305e+01
6.966140525254161275e+01
7.118415879560690485e+01
6.977116029501921446e+01
7.031822562161377732e+01
7.187218568732092194e+01
7.065928001334538067e+01
7.223364985327434340e+01
7.030827329900297684e+01
6.838872354935590181e+01
7.021768029031154867e+01
6.945195153548337430e+01
6.961363838186026953e+01
7.131478324407764546e+01
6.924247760185917855e+01
6.953013437129490626e+01
6.986047232144836983e+01
6.960181174732548470e+01
6.930452101311212232e+01
6.955998936396836996e+01
6.908326210789439870e+01
6.909642431387679551e+01
6.973402847366037349e+01
6.896951953172836625e+01
7.079432410428807998e+01
6.885647301942742615e+01
6.951357825977774496e+01
7.095271091207267489e+01
6.995609882814954972e+01
6.977111046022146468e+01
7.089236502037751109e+01
6.899058167303013533e+01
6.980348941627366344e+01
7.129312950966989604e+01
6.992134851508942006e+01
7.074198293543793170e+01
6.945257964456332900e+01
7.027836107912889929e+01
6.860487664143465736e+01
7.041619537832754361e+01
7.026070817048676531e+01
7.186369165807691672e+01
7.152554045861951693e+01
7.234591572788474423e+01
7.082510233324845217e+01
7.160637028636838863e+01
7.004875040534196273e+01
7.101435098689181302e+01
6.982114162310455185e+01
7.004011456288137083e+01
7.016568581267732441e+01
7.069768545141640459e+01
7.044575235510330913e+01
6.991697418977443590e+01
7.060222559081871907e+01
6.983745384322887162e+01
6.903910709206745366e+01
7.005303125582891255e+01
7.030422403786212726e+01
7.014730808878330492e+01
6.977295908935477087e+01
7.081174866318183092e+01
7.024346796477530575e+01
7.010645605256722490e+01
7.098664394501679453e+01
7.166614642575680705e+01
7.004919420481118664e+01
6.993777278287558374e+01
6.980109317564721039e+01
7.028662672916983922e+01
6.772134632667894039e+01
6.988629382607304308e+01
7.124483949861891574e+01
7.009452518574981639e+01
7.027873817168972437e+01
7.043132704034563574e+01
7.182973183878540624e+01
6.921887744570310019e+01
7.089635226098852172e+01
6.983550078460791610e+01
7.148092994473192618e+01
7.025659589671909089e+01
6.936139855306134905e+01
7.028763178662681810e+01
7.073268331607424386e+01
7.029283480025864606e+01
7.056540114311768264e+01
6.858853153569869221e+01
6.997041482941126844e+01
6.884340415967164972e+01
7.045247726520905474e+01
6.983648181962674073e+01
7.015986830841940503e+01
6.888543795822175753e+01
7.084764581368061442e+01
7.018367452006910412e+01
7.056369388801925879e+01
7.178197487253595455e+01
7.032034031582566058e+01
6.988599188892813174e+01
6.825468802638316390e+01
6.962314458232350489e+01
7.002828331665408257e+01
7.025094100091993710e+01
6.945237309205811016e+01
7.167258062262935425e+01
7.124554869888801534e+01
6.900295248696880890e+01
7.187920503207632805e+01
7.188707205319518323e+01
7.162030490742438360e+01
7.022444007072277827e+01
7.130576889504322935e+01
7.042517836734562309e+01
6.943477579760188689e+01
6.886223810551075530e+01
7.214527193292749985e+01
7.025440432190563911e+01
7.006023486168838588e+01
7.063838767755808590e+01
7.008985917551068212e+01
7.164586644310433883e+01
6.900369316901893058e+01
7.021869532921886048e+01
7.090447178199951850e+01
6.848579005861159885e+01
6.995009011545630528e+01
6.903357518532426695e+01
6.958313760152823590e+01
6.933545692260945259e+01
7.062248968482307987e+01
7.142206774822732029e+01
7.021660568628185217e+01
6.954245694183140358e+01
7.235133178455492953e+01
7.159439630429048407e+01
7.066783540011893194e+01
6.962649343919110834e+01
7.004540021082335954e+01
6.947400739319360241e+01
7.015514124885004321e+01
7.140862063784314273e+01
6.982726242001920980e+01
7.057386287879035081e+01
7.111121721468968815e+01
7.022447290579368939e+01
7.041012021556161926e+01
7.137092071509852076e+01
7.001125964665024526e+01
6.928365423298670578e+01
6.710379307169699814e+01
6.986781370912757438e+01
6.918519852693908945e+01
7.140047721620683774e+01
6.795767333502446661e+01
6.919996878869136481e+01
7.116027816913094739e+01
6.856760428813682040e+01
7.062296699706658387e+01
6.809182408563771105e+01
7.097170631164856047e+01
6.917980825342539219e+01
7.016637177816186011e+01
6.792573125517097310e+01
7.130237309742531693e+01
7.061721756365746216e+01
6.987586551355167330e+01
7.262380463542253040e+01
6.905144000016757388e+01
6.927080532371881816e+01
7.041832835953965741e+01
6.933331275785542402e+01
6.925176640026323582e+01
6.734077440426608518e+01
7.091217036831375253e+01
7.108617538079680287e+01
7.158999642991658163e+01
6.967566091556389551e+01
7.014716173938798249e+01
6.987720913871885386e+01
7.126872284896997201e+01
7.019187247993060907e+01
6.862568314375094758e+01
7.103573958697475632e+01
7.097782960194901136e+01
6.893911674453708827e+01
6.905110567251902864e+01
6.896712439409201068e+01
7.070020536315237791e+01
6.919319329899155946e+01
7.202708471459622785e+01
6.951540035207992219e+01
7.158090581981345224e+01
7.064007768215202532e+01
7.089907012587860891e+01
6.840733437931547201e+01
6.909395480892048624e+01
6.811925313089523115e+01
7.008964281914961703e+01
6.913852240558796325e+01
6.847733326848016588e+01
6.962490165108349061e+01
6.866543514228190759e+01
6.928748054610417739e+01
7.103871161497669107e+01
7.012437657480688813e+01
7.039589055500972847e+01
6.746409229639702687e+01
6.980440230988635619e+01
6.980203231818647680e+01
7.077048083368335085e+01
6.968134814277188127e+01
7.074909137421657590e+01
7.070533431757780818e+01
7.017747989528650976e+01
7.095927313227214484e+01
7.168184107060000088e+01
6.944541653600288100e+01
7.072622886176569068e+01
6.929016149823550563e+01
6.911903624712319072e+01
6.937252848108441583e+01
7.121584884085304168e+01
7.142378967045939930e+01
7.147695508448165924e+01
7.023755901447773908e+01
6.948756474978627296e+01
7.020066219162060861e+01
6.952322164452155562e+01
7.054795370510625219e+01
6.833202428798529127e+01
7.100337539571337686e+01
6.911336441343699732e+01
7.129685114858581585e+01
7.061007118720931430e+01
7.155403054815558050e+01
6.926236008087713003e+01
6.931795417231106171e+01
6.941544876810898757e+01
7.148808254029589193e+01
6.928151848675288704e+01
6.950761968189709705e+01
6.863468902697864849e+01
6.903965374492560159e+01
6.895974204745918712e+01
7.173757089959661926e+01
6.950721575045763245e+01
6.887497528579868344e+01
7.036046254080079621e+01
7.145877461952852627e+01
6.906128063636593595e+01
6.972531410064381419e+01
6.970719754538752966e+01
7.028050684972096462e+01
7.079586071907222333e+01
6.964127709098116270e+01
6.915371541682790735e+01
7.069859467145492715e+01
6.969020829686387231e+01
6.961424314085041942e+01
6.704099947251758351e+01
7.047556410253986314e+01
6.993598292480150747e+01
7.029278021689590616e+01
7.003274066621960969e+01
7.052742685279756074e+01
7.107303131887576342e+01
6.940163654651114200e+01
6.978701668128215374e+01
6.936566945128666362e+01
7.058908125615275253e+01
7.103724430057540928e+01
7.026477166544034958e+01
6.895253415110612139e+01
6.985967590994479792e+01
6.952692054924236231e+01
6.790592093264720575e+01
6.886192875790274570e+01
7.119654753890773691e+01
6.994053195741969375e+01
6.813777305362937398e+01
6.833390019584909680e+01
6.976632311544246079e+01
6.919282318297521783e+01
6.881529154292425687e+01
7.021922463973071160e+01
7.250292770474386828e+01
6.950251939001483947e+01
6.935457508849088981e+01
7.027172912653597336e+01
7.068403842404512716e+01
6.949923745123230390e+01
6.891013776557613824e+01
7.016725508072526907e+01
6.933754581130310157e+01
6.965459305257878952e+01
7.100922198753133330e+01
7.195737441501266574e+01
7.049954718870668557e+01
6.963745303423893063e+01
6.922521598859383118e+01
7.164107096703652644e+01
7.046487609757734560e+01
7.158381201419157946e+01
7.061694178766144603e+01
6.978700066405482971e+01
7.248827223881201576e+01
7.058829546353580042e+01
7.058261670013372679e+01
7.119806349434337278e+01
7.006824774535388656e+01
6.891454499771263897e+01
7.149886215318080929e+01
6.923015034289468872e+01
6.898170250620357535e+01
7.089584313556771633e+01
7.107545741651257742e+01
6.950089695325003447e+01
6.896099633437806631e+01
7.005370778600870096e+01
7.086012203769747941e+01
6.858685993302452744e+01
6.974418501297529360e+01
6.817954421410155419e+01
6.973303643448247158e+01
6.968946576863781672e+01
7.046242136509933118e+01
6.986385378102323784e+01
6.756423012415407925e+01
6.885797424539846645e+01
6.827294298434730990e+01
7.155723946114531486e+01
7.012345081524097168e+01
7.045473213564484638e+01
6.963039238526360464e+01
6.962812657864731136e+01
6.934716502745231992e+01
7.129244420222858025e+01
6.886155612222484024e+01
7.190271264665862816e+01
7.017288527385657915e+01
6.922988579167910927e+01
6.974472688094873263e+01
6.956231929094907684e+01
6.950125244026460791e+01
6.870667961138364888e+01
6.912843589567641800e+01
7.110302740819734879e+01
6.894776186642748428e+01
6.892869893954917870e+01
6.938390764596250904e+01
6.928202459974940552e+01
7.016786334158297223e+01
6.966111519474479508e+01
7.086119815103371877e+01
7.098697933592934817e+01
6.926836339686033739e+01
6.855049926425903095e+01
7.045461051685468590e+01
6.782366229893199261e+01
6.927581595748030452e+01
7.022778632126214404e+01
6.868702390670527791e+01
7.046029787341443296e+01
7.187750663797109496e+01
7.033111348836877141e+01
6.890682897216692027e+01
6.968560416330839757e+01
6.934836520941684057e+01
6.907944882187757685e+01
7.028521487196293549e+01
7.138345005821206257e+01
7.057097454337493048e+01
6.937332161153190668e+01
7.136252372264763721e+01
7.057497036608890539e+01
6.987885330235582160e+01
6.933695222162775451e+01
6.948955639574582221e+01
7.076514242825713552e+01
6.924717602996955179e+01
6.964615942320041597e+01
6.982469833131632697e+01
6.987990770870062818e+01
6.818498130707328642e+01
7.092510072507002405e+01
6.892124843662610090e+01
6.866079044620518346e+01
6.930328861468676394e+01
7.001379418763279716e+01
6.949416753078845943e+01
7.069905408237613642e+01
6.948202623992091276e+01
7.189853526434866637e+01
7.097295718138690290e+01
7.078133881372035319e+01
7.080482957624246865e+01
7.052071787049987961e+01
6.926845430275736248e+01
6.970358028417336982e+01
6.931695022311158993e+01
6.954082187216897637e+01
7.040720251751740477e+01
7.072562088450769124e+01
7.062279840390498009e+01
6.966602160400134380e+01
7.104271951443470812e+01
6.898820023060908113e+01
7.032598711906238975e+01
7.077306755138876326e+01
6.968364456319078215e+01
6.969627434334842064e+01
7.242737405288320929e+01
7.128585373903160871e+01
7.004148951059389105e+01
6.943229005407361853e+01
6.817258320762141466e+01
7.031044217408697250e+01
7.118694730035946350e+01
7.140404558681417768e+01
7.008334423299511684e+01
7.008453652512991994e+01
6.996017406084649792e+01
7.112115929344471965e+01
6.854209532466545340e+01
6.924415473335878346e+01
7.080964500606214074e+01
6.965104397948977066e+01
7.078518820245666632e+01
7.137147407111329755e+01
7.121969540013009237e+01
7.028916717836999339e+01
6.804827627667123124e+01
7.048986362772684799e+01
6.935668384374690731e+01
7.105721238177524413e+01
6.967454614657783907e+01
7.021071186963862942e+01
6.937657864215481140e+01
6.982108012389586804e+01
7.114473057246608789e+01
6.970795407757523776e+01
7.078571886573728023e+01
7.077004958179453808e+01
7.241621355206790156e+01
6.965218328279266302e+01
7.024144156438184439e+01
7.055345111318598583e+01
7.046685897051138170e+01
7.178379552384312490e+01
6.968635700457203086e+01
7.006326766587226018e+01
6.961352699236199726e+01
7.010633040912018998e+01
7.155978410100830445e+01
6.872076218835056238e+01
6.958501904752577616e+01
7.160158703493488019e+01
6.925152836060068751e+01
6.994274539153551018e+01
6.937279682570412831e+01
7.000809753331211027e+01
6.956094520770368206e+01
7.060093834171432547e+01
6.838257439983543406e+01
7.083550429655886660e+01
6.936895973189837150e+01
6.968783641208088397e+01
7.175149568992529225e+01
7.096638165301382628e+01
7.025180749837137739e+01
6.929007721339543480e+01
7.052868076181799495e+01
7.156849469477913317e+01
7.142242902541640603e+01
7.000635715794857106e+01
6.913675491038341647e+01
7.131881095928861214e+01
6.917415628734727306e+01
6.907820774774720007e+01
6.990879565198183343e+01
7.076594730368894659e+01
7.039873464361131994e+01
6.844405554214739595e+01
6.917249005943084228e+01
6.950834642555297194e+01
6.991957612575968994e+01
7.281230014931193750e+01
6.769049322701485494e+01
6.830491539608615881e+01
6.862758772056363910e+01
6.974095096153203599e+01
7.136242256879388890e+01
7.088029010216048675e+01
7.072652144818957254e+01
6.981726488294941646e+01
7.002159966955427706e+01
6.858121378034931581e+01
7.017924988605356873e+01
6.874306252684363017e+01
6.961469453299298493e+01
7.105844973957547950e+01
6.907533889610205335e+01
7.003705089944442364e+01
7.058656649799088711e+01
7.077197331692691762e+01
7.055707206273235954e+01
6.814605289127504761e+01
7.031255570901056728e+01
7.018454850354893892e+01
7.022286746688325820e+01
7.033810371878118417e+01
7.003393144244705582e+01
7.141667380194586201e+01
6.935441248706604256e+01
6.887823164810798460e+01
6.968146998862710007e+01
6.959076079436680118e+01
6.944455895115028454e+01
6.803194359445522821e+01
7.040422650410233985e+01
6.921454295196946305e+01
7.085125159511019888e+01
7.132224339455655127e+01
7.079361033062504305e+01
7.003765394239005104e+01
6.894765691063808788e+01
7.066791334143323411e+01
6.956522771991858178e+01
6.974121162130127516e+01
6.825963876952269516e+01
6.948209566978283647e+01
7.125983674766777654e+01
7.105729370932877487e+01
6.937449755306191435e+01
6.921389104038811979e+01
6.876337545861206024e+01
6.923624354845007645e+01
6.913745480102060981e+01
6.989103545029443865e+01
6.815922651644625319e+01
7.046444961142681507e+01
6.826130221113720609e+01
7.040990855818787963e+01
7.002539562655113059e+01
6.914239752079015489e+01
6.935432726105898382e+01
7.028447790372452175e+01
7.087953715112871578e+01
7.046522488531202555e+01
6.960628261205609135e+01
7.043728469652030810e+01
7.067013170984388637e+01
6.890081223751643336e+01
7.125049683070689355e+01
6.889681169617233536e+01
7.100430300131654349e+01
6.961869978110345869e+01
7.024334695016776209e+01
7.116006437411049035e+01
6.813019305057906649e+01
7.064015670382931944e+01
6.919505561594434084e+01
7.068952583744967910e+01
7.036090628908461042e+01
7.106053597306147651e+01
6.896522427142330969e+01
6.950333876384446796e+01
6.961074107551270629e+01
6.868935278084036611e+01
6.898444385962460501e+01
7.141778008375167985e+01
6.997404946866748787e+01
6.965171100572885621e+01
7.049944501493503424e+01
6.991484928851829750e+01
6.943722360330598065e+01
6.864174194204267110e+01
7.010580404703894430e+01
7.195841933936976886e+01
7.112250314029000720e+01
6.960629747103257614e+01
7.142423484006219780e+01
7.098390357833569908e+01
7.049763671084112104e+01
6.986991292742241910e+01
7.010723131177203982e+01
7.005205502477313928e+01
6.956144804002572357e+01
6.912329515552195858e+01
6.971265120122150449e+01
6.991347205736752812e+01
7.050373727565258264e+01
6.932244427862703162e+01
6.816736917706110432e+01
6.963482250335378865e+01
7.151689202248391553e+01
6.974787528534726277e+01
6.822968891484921983e+01
7.030579233755544522e+01
7.110849896939041059e+01
7.040813406665617435e+01
7.002750147499247646e+01
7.034319776024435100e+01
7.021574237900981075e+01
6.900471996317715195e+01
7.045993412140153112e+01
7.032582598627666925e+01
6.876863327781700264e+01
6.821169357838735436e+01
6.858578309144438379e+01
7.116638536671335658e+01
7.057395465196547946e+01
6.959135744680213520e+01
6.929821311512569082e+01
6.855329904482684356e+01
6.994343536316199561e+01
6.964064503179869803e+01
7.061121026349167096e+01
6.900523785600411486e+01
7.057895806254605020e+01
6.939861038517200598e+01
7.121379061558650392e+01
6.923007385956267967e+01
6.912720013453544254e+01
7.069101730173787246e+01
6.874546896951878239e+01
7.166775721164428603e+01
7.084167374462930411e+01
7.054824966375517192e+01
6.882585089430875769e+01
7.047010603844501020e+01
7.041641266567654611e+01
7.005492592373127536e+01
7.138748788796041822e+01
6.978910583432426051e+01
7.028772881768783520e+01
6.697987392222523795e+01
7.097220443398876455e+01
7.024310840854718663e+01
7.003941393096702939e+01
7.130179893771220634e+01
6.952613138001456150e+01
7.095371324185600770e+01
7.015483982487754133e+01
7.138138285827561447e+01
6.873731305157403426e+01
7.097432296767786397e+01
6.988759408975730025e+01
7.050933266420278756e+01
7.030207863738708340e+01
7.043589340624646411e+01
6.912878419757009851e+01
6.823373723542714231e+01
6.970912453401611231e+01
6.818460040086462470e+01
7.080062667591124637e+01
7.067071850934648580e+01
7.083987135946397018e+01
7.019830075584079054e+01
7.081263346850317930e+01
6.956760586919367029e+01
7.037080037389256404e+01
7.073876713674360417e+01
6.872933230676757432e+01
7.063035063368353406e+01
6.948306759788358988e+01
6.900428676079155821e+01
7.218389530110850671e+01
6.932119191442096451e+01
7.106078145009567493e+01
6.920454310225990469e+01
7.023333942444291722e+01
7.112124510979147374e+01
6.821430000280632555e+01
6.994790889963589109e+01
7.096009968716603566e+01
7.017967244605029009e+01
7.076778345345944388e+01
7.139061595779642744e+01
7.056244435874452847e+01
7.094861406071807153e+01
7.118320127044391654e+01
7.114102721657128825e+01
6.908131345102280818e+01
7.044385425823128344e+01
7.082908380274520255e+01
6.955326640639901825e+01
6.735660988886759526e+01
7.041030619947737534e+01
6.893773188758694914e+01
7.069866609369560706e+01
7.028671990383143964e+01
6.918792944355683971e+01
6.939582300542377880e+01
6.838427545007716901e+01
6.729920708776673166e+01
7.055410933117306627e+01
7.035901063201787053e+01
6.965223812264717651e+01
6.990336078783846574e+01
7.019225261492378820e+01
6.905519010146861092e+01
6.931407102877462023e+01
6.992477953144745584e+01
7.015834869836730547e+01
7.113304208542736262e+01
7.080310353824479819e+01
7.039158937881151701e+01
6.846883329593850931e+01
6.916235607973935373e+01
6.832842305584136966e+01
7.165452764228734850e+01
7.147970016218332034e+01
7.091104316481809633e+01
7.109924154239594429e+01
7.074350998427038917e+01
7.069637385007646913e+01
6.887831324685240020e+01
6.929878025372275374e+01
7.074907454581831701e+01
6.876819783029981181e+01
6.909399815205483719e+01
6.815398049548160486e+01
6.984969156964935166e+01
6.931634885453091499e+01
7.047149435788116989e+01
6.899144826036125266e+01
7.077339200744887648e+01
6.999718191768771192e+01
6.995828300809169775e+01
6.876406474349791154e+01
6.882290177809062470e+01
7.117475194576098829e+01
6.955309649314547471e+01
7.002782044317599741e+01
6.919819451058064885e+01
6.968746610993250101e+01
7.036392567570099743e+01
7.146202840806445522e+01
7.016618106950957667e+01
7.190214947905688803e+01
7.114312658156693203e+01
6.834170837349488181e+01
7.060591524189547386e+01
6.949444598819664520e+01
7.065693338139124080e+01
7.189886421488489532e+01
7.031728057480407301e+01
7.228898390118398254e+01
6.977985271670172551e+01
7.098445570713370500e+01
7.017281830589921299e+01
6.960080729703871327e+01
7.061300603240961493e+01
7.000792855881557841e+01
6.955193192045283013e+01
6.983216750216170965e+01
7.072577024568003878e+01
7.030293362526518308e+01
7.051783835929965960e+01
6.924595289294700251e+01
7.010531597587329600e+01
6.905086261999205988e+01
6.842199062527521392e+01
6.926832394306518381e+01
7.223205670120492528e+01
6.966320072509272165e+01
6.964851000213027987e+01
7.059712724838226450e+01
6.914421052317743488e+01
6.920377068906059037e+01
6.991928715417441254e+01
6.905794841808727824e+01
6.982690556552842054e+01
7.034282766260109554e+01
7.033194878539389094e+01
6.973181452851706297e+01
7.060965547551039379e+01
6.920346223860660473e+01
7.095114817305287147e+01
6.826330434720625817e+01
6.796779779543838629e+01
6.898989577308367416e+01
7.253090390650824304e+01
7.013171354503964494e+01
6.993253283317893931e+01
6.919097275145297488e+01
6.856089332678931214e+01
6.906812192241618220e+01
6.971096498035558398e+01
7.083519116039055064e+01
6.914269928860265679e+01
6.855054990431607109e+01
7.240958088277730553e+01
6.987698494221407941e+01
7.026971064018337643e+01
6.973167654184248931e+01
6.927003527038012010e+01
6.938516859237653023e+01
6.924198764579894316e+01
6.857374420598584663e+01
6.871147241496925062e+01
6.897690913234387722e+01
7.166890325282307117e+01
6.997200510808593776e+01
6.997557794143233423e+01
7.013069870342077650e+01
7.012876574752613124e+01
7.047536541205364813e+01
6.854505607986946814e+01
6.974386571044345828e+01
7.095220060195758549e+01
7.067425379702225996e+01
6.935225232236103921e+01
7.147759143116884673e+01
7.142426944851621329e+01
7.149815661917178033e+01
7.019702544378270659e+01
7.012730034231003629e+01
6.827847118019562345e+01
7.049474323585276636e+01
6.919960208265688095e+01
7.161598713980066577e+01
6.933427361196073946e+01
7.108955696651267431e+01
7.001534627008547318e+01
6.942299505102074875e+01
7.007393906616535162e+01
6.850252641507859153e+01
7.091792119163838493e+01
7.150628897108965987e+01
7.012097458330536881e+01
7.029131595176448855e+01
7.075725746685913009e+01
6.759431862627326382e+01
7.007525591323323511e+01
6.995286314869355238e+01
6.867880364087494627e+01
7.044926025451870544e+01
6.953122639298459262e+01
7.054426216067305688e+01
6.912340229678505921e+01
7.167187630653057795e+01
7.034050432979594802e+01
6.932659103101067899e+01
6.960400288487123532e+01
6.953385443384803466e+01
6.974737348309837159e+01
6.810741369590155614e+01
6.972712180908433766e+01
7.042854884019087081e+01
6.879030058566823413e+01
7.093914276783175410e+01
6.748787434003929775e+01
6.754933544721552607e+01
6.869274219798720083e+01
6.894960381967588603e+01
6.961707669722510161e+01
7.178728198814580708e+01
7.083765978341706671e+01
7.115673827953963837e+01
6.947160844612196229e+01
6.801748027452907763e+01
6.886458172783927978e+01
7.101055030668351264e+01
7.199262180434006098e+01
6.849141074217081382e+01
7.049796099925876547e+01
6.970703864481859569e+01
7.123959378972489276e+01
7.128551787333819334e+01
6.943112294070786561e+01
7.119267048071834836e+01
6.998002592105993358e+01
6.909152049514298710e+01
7.000945185214916933e+01
6.815690244302381018e+01
6.994805109197045567e+01
7.033216743374528335e+01
7.208228253952377429e+01
6.847499441290013067e+01
7.110151659428184701e+01
6.963968882464702403e+01
6.939570528833866092e+01
6.888486566629529761e+01
6.927035960707898710e+01
6.930036858138322486e+01
7.011688638772584170e+01
6.986553094627637961e+01
6.874410582634304490e+01
7.018330621602702024e+01
7.105801964164633944e+01
7.009271645981937127e+01
6.951182804200941234e+01
6.924976791906965445e+01
7.125230378408021181e+01
7.030646882948749976e+01
6.890359606823612637e+01
7.007164910746904241e+01
7.081151500836318746e+01
6.929449880495734249e+01
7.079425413481389739e+01
6.963465874329401117e+01
7.069158726998544751e+01
7.032576238497570387e+01
7.024471701625709841e+01
6.945603014981601575e+01
6.987162186349432602e+01
6.974509408931751864e+01
6.973501625761198852e+01
7.018755243343807138e+01
7.046784257644232241e+01
6.873914676868041340e+01
6.965928366090304280e+01
6.911614983234342446e+01
6.967198634886692332e+01
7.022888366231902069e+01
7.081719382958277720e+01
6.994984206439750096e+01
6.996554257735824933e+01
7.101123004355987689e+01
7.104585151595581749e+01
7.118891829748912414e+01
7.015164575448957862e+01
7.042053941839023423e+01
7.046338232521320322e+01
7.131027207839377979e+01
6.939601882606918082e+01
6.947579172843730078e+01
6.997097156530810480e+01
6.978519598913693756e+01
6.966117714559034368e+01
6.953406704581135500e+01
6.907347688170409583e+01
7.067113738175993376e+01
7.075692471736374500e+01
7.042006125074816225e+01
6.886656559419219548e+01
6.877109591581309189e+01
7.038616731479294231e+01
7.132202645186210077e+01
7.023062205743426034e+01
7.024920998020913032e+01
6.873700181534536569e+01
6.929235804309571733e+01
6.921767964902498704e+01
7.123416244307233569e+01
7.055916397876160318e+01
6.926654632549265500e+01
7.062204668841994248e+01
6.997241458269353132e+01
7.064682331594480047e+01
6.958942915946585117e+01
6.988345886603774204e+01
6.957687194017583465e+01
6.992524535631622484e+01
6.908662161241814204e+01
7.135362724610932617e+01
6.933034650295638812e+01
6.894665846339117365e+01
7.026574560322167429e+01
6.971555938823173904e+01
7.001047548966765532e+01
6.970059573257545082e+01
6.859744487420617531e+01
6.825455046420390204e+01
6.945837393675542160e+01
7.050586063294024086e+01
6.979779878560997020e+01
7.024552367004807252e+01
7.002503213100584389e+01
6.979123186832387660e+01
7.086417541070487403e+01
6.986730049371705320e+01
6.983553648089770149e+01
7.042434874929622879e+01
6.790673293914007047e+01
7.137254464769499407e+01
7.087556956474986691e+01
6.902894837392067018e+01
6.980920845584803658e+01
7.105480439019402183e+01
7.002420027909795408e+01
6.975009791474518295e+01
6.984605016967000779e+01
7.038416253858974869e+01
6.859673641553145274e+01
6.931944973184472758e+01
7.078844021152849564e+01
6.921175085699528040e+01
7.128437293400016017e+01
6.940153953654653662e+01
6.928811550039419842e+01
7.115963543466109797e+01
7.105749723322472278e+01
6.943401198411585540e+01
